
// ***************************************************************** LICENSE AND COPYRIGHT *****************************************************************
// 
// Copyright Max Planck Gesellshaft, 2011
// 
// All software, data, text, and design used in this web application is the sole property of the Max Plank Gesellshaft and/or Brown University. 
// This application is provided solely for research and personal use.  Commercial use and reverse engineering of this application is explicitly prohibited.
// No warranty or suitability for any purpose is implied. 
// 
// Commercial licensing requests should be directed to Michael Black <black@is.mpg.de> .
// 
// Patents pending.
//
// *********************************************************************************************************************************************************

mdata = {
    "hand_measurement_error_values": [
        0.58, 
        -2.05, 
        -0.75, 
        -2.47, 
        0.8, 
        -1.25, 
        0.24, 
        1.91, 
        -1.15, 
        1.3, 
        0.15, 
        2.58, 
        0.25, 
        -0.1
    ], 
    "sizechart_measurement_names": [
        "waist",
        "chest", 
        "hips", 
        "height", 
        "weight",
        "inseam", 
        "", 
        "", 
        "", 
        "",
        "", 
        "", 
        ""
    ],
    "hand_measurements": [
        "waist_girth", 
        "bust_chest_circumference_under_bust", 
        "hip_circumference_maximum", 
        "inside_leg_ankle_right", 
        "weight",
        "chest_circumference", 
        "mid_neck_girth", 
        "arm_length_spine_to_wrist", 
        "thigh_circumference", 
        "spine_to_shoulder", 
        "stature", 
        "neck_base_circumference", 
        "shoulder_breadth", 
        "spine_to_elbow"
    ], 
    "hand_measurement_percent_error_values": [
        0.81, 
        -2.68, 
        -0.81, 
        -3.37, 
        1.42, 
        -1.44, 
        0.75, 
        2.49, 
        -2.13, 
        7.2, 
        0.09, 
        6.64, 
        0.61, 
        -0.19
    ], 
    "hand_measurement_true_values": [
        71.5, 
        76.45, 
        92.75, 
        73.35, 
        56.3,
        86.95, 
        31.9, 
        76.7, 
        54.1, 
        18.05, 
        168.2,
        38.85, 
        40.75, 
        51.85
    ], 
    "show_measurement": [
        true, 
        true, 
        true, 
        true, 
        true, 
        true
    ], 
    "measurements": [
        "weight_cube_root", 
        "chest_circumference", 
        "inseam_right", 
        "hip_circumference_maximum", 
        "stature", 
        "waist_circumference_pref", 
        "beta_1", 
        "beta_2", 
        "beta_3", 
        "beta_4", 
        "beta_5", 
        "beta_6", 
        "beta_7"
    ], 
    "hand_measurement_predicted_values": [
        72.08,
        74.4, 
        92.0, 
        70.88, 
        57.1, 
        85.7, 
        32.14, 
        78.61, 
        52.95, 
        19.35, 
        168.35,
        41.43, 
        41.0, 
        51.75
    ], 
    "raw_measurement_units": [
        "kg", 
        "mm", 
        "mm", 
        "mm", 
        "mm", 
        "mm", 
        "", 
        "", 
        "", 
        "", 
        "", 
        "", 
        ""
    ], 
    "hand_measurement_names": [
        "허리둘레 (cm)",
        "가슴둘레 (cm)",
        "엉덩이 둘레 (cm)",
        "다리길이(오른쪽) (cm)",
        "몸무개 (kg)",
        "가슴 둘레 (cm)",
        "중간 목 둘레 (cm)",
        "팔길이(cm)",
        "허벅지 둘레 (cm)",
        "척추에서 어깨까지 (cm)",
        "키 (cm)",
        "목둘레 (cm)",
        "어깨 너비 (cm)",
        "척추~팔꿈치 (cm)"
    ], 
    "female": {
        "ordering": [
            "weight_cube_root", 
            "chest_circumference", 
            "inseam_right", 
            "hip_circumference_maximum", 
            "stature", 
            "waist_circumference_pref", 
            "beta_1", 
            "beta_2", 
            "beta_3", 
            "beta_4", 
            "beta_5", 
            "beta_6", 
            "beta_7"
        ], 
        "body_file": "js/data/female_bodies/mean.js", 
        "offset_files": {
            "hip_circumference_maximum": "js/data/female_bodies/hip_circumference_maximum.js", 
            "inseam_right": "js/data/female_bodies/inseam_right.js", 
            "weight_cube_root": "js/data/female_bodies/weight_cube_root.js", 
            "chest_circumference": "js/data/female_bodies/chest_circumference.js", 
            "stature": "js/data/female_bodies/stature.js", 
            "waist_circumference_pref": "js/data/female_bodies/waist_circumference_pref.js"
        }, 
        "covariance": [
            [
                0.09476731952860036, 
                34.20685594535473, 
                2.329121081082414, 
                32.35955436250886, 
                8.74139648386938, 
                35.743919000302576, 
                -0.19312847412813583, 
                -0.112076225622342, 
                0.03714744461082686, 
                -0.0026078701599111633, 
                0.0039547349401090615, 
                0.007527434735413193, 
                -0.005909081168429251
            ], 
            [
                34.20685594535473, 
                14798.342366942088, 
                41.65054294691823, 
                11328.247783938677, 
                1476.7269227218835, 
                14502.704640666127, 
                -82.12903953881825, 
                -16.36453047017218, 
                -5.725927366152128, 
                2.3107469238854312, 
                1.838019214254776, 
                -8.84571838523653, 
                -6.5635986289225166
            ], 
            [
                2.329121081082414, 
                41.65054294691823, 
                4307.478007643609, 
                246.81979969945147, 
                2816.854847310885, 
                115.78873955216012, 
                9.411528458353242, 
                -38.32086666595433, 
                -6.759955191640761, 
                2.2356019727722285, 
                1.0833783969034607, 
                -9.350720925154066, 
                4.713187459168844
            ], 
            [
                32.35955436250886, 
                11328.247783938677, 
                246.81979969945147, 
                12712.097436820295, 
                2144.247571059571, 
                12000.762562672931, 
                -69.15122836440874, 
                -32.95583098973589, 
                19.28773865638952, 
                -2.6051299749530914, 
                -4.923728607707747, 
                17.226255957987977, 
                -0.5712964886890118
            ], 
            [
                8.74139648386938, 
                1476.7269227218835, 
                2816.854847310885, 
                2144.247571059571, 
                5778.47779277598, 
                1770.8765944273352, 
                7.2338204306680955, 
                -65.36129855255783, 
                -1.0353975727863545, 
                4.211636420415658, 
                8.783898500077566, 
                2.0164036086192145, 
                -10.171605611981597
            ], 
            [
                35.743919000302576, 
                14502.704640666127, 
                115.78873955216012, 
                12000.762562672931, 
                1770.8765944273352, 
                16952.875848431704, 
                -80.83461545665067, 
                -20.46749714968171, 
                2.640646724582521, 
                0.987882122082123, 
                6.809596243448024, 
                -19.305527488126636, 
                -0.6930365137903872
            ], 
            [
                -0.19312847412813583, 
                -82.12903953881825, 
                9.411528458353242, 
                -69.15122836440874, 
                7.2338204306680955, 
                -80.83461545665067, 
                1.0013837244917043, 
                6.217270440330719e-07, 
                -4.6859221284768344e-07, 
                -1.4735791083461638e-07, 
                -7.140464097224506e-07, 
                2.5342371631490215e-06, 
                2.198781413024316e-06
            ], 
            [
                -0.112076225622342, 
                -16.36453047017218, 
                -38.32086666595433, 
                -32.95583098973589, 
                -65.36129855255783, 
                -20.46749714968171, 
                6.217270440330719e-07, 
                1.0013406486077259, 
                -2.128199627687252e-06, 
                -2.5868775877409093e-07, 
                -1.4857280306916808e-06, 
                -7.724117194709083e-07, 
                3.377791975706062e-06
            ], 
            [
                0.03714744461082686, 
                -5.725927366152128, 
                -6.759955191640761, 
                19.28773865638952, 
                -1.0353975727863545, 
                2.640646724582521, 
                -4.6859221284768344e-07, 
                -2.128199627687252e-06, 
                1.0015400571819584, 
                6.39948686900633e-07, 
                3.988001478380591e-06, 
                -1.7342168172807603e-06, 
                -2.8802272723245646e-06
            ], 
            [
                -0.0026078701599111633, 
                2.3107469238854312, 
                2.2356019727722285, 
                -2.6051299749530914, 
                4.211636420415658, 
                0.987882122082123, 
                -1.4735791083461638e-07, 
                -2.5868775877409093e-07, 
                6.39948686900633e-07, 
                1.0015251222329185, 
                9.483320538628894e-06, 
                -2.657321570962851e-07, 
                -2.356320509296798e-06
            ], 
            [
                0.0039547349401090615, 
                1.838019214254776, 
                1.0833783969034607, 
                -4.923728607707747, 
                8.783898500077566, 
                6.809596243448024, 
                -7.140464097224506e-07, 
                -1.4857280306916808e-06, 
                3.988001478380591e-06, 
                9.483320538628894e-06, 
                1.0013309248341795, 
                -6.021615640364004e-08, 
                2.221076993048367e-07
            ], 
            [
                0.007527434735413193, 
                -8.84571838523653, 
                -9.350720925154066, 
                17.226255957987977, 
                2.0164036086192145, 
                -19.305527488126636, 
                2.5342371631490215e-06, 
                -7.724117194709083e-07, 
                -1.7342168172807603e-06, 
                -2.657321570962851e-07, 
                -6.021615640364004e-08, 
                1.001624974161754, 
                -3.0708271503827024e-07
            ], 
            [
                -0.005909081168429251, 
                -6.5635986289225166, 
                4.713187459168844, 
                -0.5712964886890118, 
                -10.171605611981597, 
                -0.6930365137903872, 
                2.198781413024316e-06, 
                3.377791975706062e-06, 
                -2.8802272723245646e-06, 
                -2.356320509296798e-06, 
                2.221076993048367e-07, 
                -3.0708271503827024e-07, 
                1.0013356916454237
            ]
        ], 
        "means": [
            3.832771646899959, 
            857.0479964274581, 
            786.6310435793819, 
            920.0385114345916, 
            1683.5438065732162, 
            726.0567881651583, 
            1.4999007649304685, 
            -0.26466400571379156, 
            0.24611894106459994, 
            -0.0798522904458927, 
            0.37017665736606437, 
            -1.4144915522342967, 
            0.8693564868479711
        ]
    }, 
    "raw_to_formatted_units_conversion_powers": [
        3.0, 
        1.0, 
        1.0, 
        1.0, 
        1.0, 
        1.0, 
        1.0, 
        1.0, 
        1.0, 
        1.0, 
        1.0, 
        1.0, 
        1.0
    ], 
    "measurement_names": [
        "weight_cube_root", 
        "chest_circumference", 
        "inseam_right", 
        "hip_circumference_maximum", 
        "stature", 
        "waist_circumference_pref", 
        "beta_1", 
        "beta_2", 
        "beta_3", 
        "beta_4", 
        "beta_5", 
        "beta_6", 
        "beta_7"
    ], 
    "formatted_measurement_names": [
        "몸무개",
        "가슴 둘레",
        "다리 길이(오른쪽)",
        "엉덩이 둘레",
        "키",
        "허리둘레",
        "beta 1", 
        "beta 2", 
        "beta 3", 
        "beta 4", 
        "beta 5", 
        "beta 6", 
        "beta 7"
    ], 
    "formatted_measurement_units": {
        "metric": [
            "kg", 
            "cm", 
            "cm", 
            "cm", 
            "cm", 
            "cm", 
            "", 
            "", 
            "", 
            "", 
            "", 
            "", 
            ""
        ], 
        "english": [
            "lb", 
            "in", 
            "in", 
            "in", 
            "in", 
            "in", 
            "", 
            "", 
            "", 
            "", 
            "", 
            "", 
            ""
        ]
    }, 
    "raw_to_formatted_units_conversion_factors": {
        "metric": [
            1.0, 
            0.1, 
            0.1, 
            0.1, 
            0.1, 
            0.1, 
            "", 
            "", 
            "", 
            "", 
            "", 
            "", 
            ""
        ], 
        "english": [
            2.2, 
            0.0394, 
            0.0394, 
            0.0394, 
            0.0394, 
            0.0394, 
            "", 
            "", 
            "", 
            "", 
            "", 
            "", 
            ""
        ]
    }
}
